13.5984
24.5874
5.3917
9.3227
8.2980
11.2603
14.5341
13.6181
17.4228
21.5645
5.1391
7.6462
5.9858
8.1517
10.4867
10.3600
12.9676
15.7596
4.3407
6.1132
6.5615
6.8281
6.7462
6.7665
7.4340
7.9025
7.8810
7.6399
7.7264
9.3942
5.9993
7.8994
9.7886
9.7524
11.8138
13.9996
4.1771
5.6949
6.2173
6.6341
6.7589
7.0924
7.1194
7.3605
7.4589
8.3369
7.5762
8.9938
5.7864
7.3439
8.6084
9.0097
10.4513
12.1298
3.8939
5.2117
5.5769
5.5386
5.4702
5.5250
5.577
5.6437
5.6704
6.1498
5.8638
5.9391
6.0215
6.1077
6.1843
6.2542
5.4259
6.8251
7.5496
6.8640
6.8335
8.4382
8.9670
8.9588
9.2256
10.4375
6.1083
7.4167
7.2855
8.414
9.3175
10.7485
4.0727
5.2784
5.3802
6.3076
5.89
6.1941
6.2655
6.0258
5.9738
5.9914
6.1978
6.2817
6.3676
6.50
6.58
6.66
4.96
6.02
6.8
7.8
7.7
7.6










