1.008
4.002602(2)
6.94
9.0121831(5)
10.81
12.011
14.007
15.999
18.998403163(6)
20.1797(6)
22.98976928(2)
24.305
26.9815385(7)
28.085
30.973761998(5)
32.06
35.45
39.948(1)
39.0983(1)
40.078(4)
44.955908(5)
47.867(1)
50.9415(1)
51.9961(6)
54.938044(3)
55.845(2)
58.933194(4)
58.6934(4)
63.546(3)
65.38(2)
69.723(1)
72.630(8)
74.921595(6)
78.971(8)
79.904
83.798(2)
85.4678(3)
87.62(1)
88.90584(2)
91.224(2)
92.90637(2)
95.95(1)
[98]
101.07(2)
102.90550(2)
106.42(1)
107.8682(2)
112.414(4)
114.818(1)
118.710(7)
121.760(1)
127.60(3)
126.90447(3)
131.293(6)
132.90545196(6)
137.327(7)
138.90547(7)
140.116(1)
140.90766(2)
144.242(3)
[145]
150.36(2)
151.964(1)
157.25(3)
158.92535(2)
162.500(1)
164.93033(2)
167.259(3)
168.93422(2)
173.045(10)
174.9668(1)
178.49(2)
180.94788(2)
183.84(1)
186.207(1)
190.23(3)
192.217(3)
195.084(9)
196.966569(5)
200.592(3)
204.38
207.2(1)
208.98040(1)
[209]
[210]
[222]
[223]
[226]
[227]
232.0377(4)
231.03588(2)
238.02891(3)
[237]
[244]
[243]
[247]
[247]
[251]
[252]
[257]
[258]
[259]
[266]
[267]
[268]
[269]
[270]
[271]
[278]
[281]
[282]
[285]
[286]
[289]
[290]
[293]
[294]
[294]
